-1.160523425272819651e+02
-1.363108792269655396e+02
-2.073280155560574713e+03
-2.818447735485449357e+02
3.532907998334636090e+02
-1.686790952696680108e+02
-1.384596935446620591e+02
-1.800430857361333778e+02
0.000000000000000000e+00
-1.755820016946979081e+02
-7.500000000000000000e+01
-5.459329572074841508e+02
0.000000000000000000e+00
-1.430831419501470521e+02
-1.162093139330103355e+02
-1.100000000000000000e+02
4.705604447319266797e+02
-1.100000000000000000e+02
-1.609277750895825534e+02
-2.217449631775654666e+02
-9.729348542936497779e+01
4.340796325899897283e+02
4.367514827917617026e+02
-4.111543442205163501e+02
-2.063472565717321743e+02
-1.064101614557147570e+02
3.479090142437576105e+02
-1.053568763984474401e+02
-1.149654320938077632e+02
-1.341019309916870554e+02
-2.363121713905417778e+02
-1.244789656486378533e+02
-2.659436611781893589e+02
-1.092515170665026005e+02
-2.208476487733433942e+02
-7.908166722832427808e+01
-1.179205497708449570e+02
3.160173346307640259e+02
-9.016754363722857590e+01
-9.083409727251654431e+01
-2.634039536611003314e+02
-1.257527509702387931e+02
-1.679795816985096337e+02
-1.630545137294151061e+02
-3.442538537181660274e+01
-1.177735135430166302e+01
-1.024007669906069751e+01
-7.429118377135624840e+00
-1.100000000000000000e+01
0.000000000000000000e+00
-1.100000000000000000e+01
-1.100000000000000000e+01
-5.700000000000000000e+01
-1.021930411879733747e+01
4.523014251433421009e+02
-1.422409961081438894e+02
-2.251582830929117733e+02
-1.358110460783808549e+02
-2.893964319703174510e+02
-7.432819268523599021e+01
-2.193650997314965707e+02
-3.224777310360664160e+02
-7.296943665267571077e+01
-1.244928690571639720e+02
0.000000000000000000e+00
-1.050000000000000000e+02
-9.500000000000000000e+01
-2.352233761408486714e+02
-1.100000000000000000e+02
-1.038595880745457976e+02
-1.451489221231088891e+02
0.000000000000000000e+00
-7.894270360019399391e+01
-1.413429442911642866e+02
-1.818826626698426594e+02
-2.274764379968794969e+02
-2.334179523512345895e+02
-1.896027198669412144e+02
-4.177953234919979764e+02
-1.000000000000000000e+02
-1.252939165711423328e+02
4.881236539965071870e+02
3.631672515743927079e+02
-1.560263243524144059e+02
-1.123778548157737589e+02
-1.142134700331635031e+02
-1.100000000000000000e+02
-1.563325704475079760e+02
-1.139816025892856715e+02
0.000000000000000000e+00
-1.274502464054933455e+02
-2.418954593675603633e+02
-1.547645445255859045e+02
-1.232694358181762766e+02
-1.554078289207721468e+02
-1.022345301142824496e+02
-1.606078312688712231e+02
4.769284455193410963e+02
-7.305898725123927306e+01
0.000000000000000000e+00
-7.931218522047868191e+01
-1.817645473866656403e+02
-1.286741003113546071e+02
-3.645851948439198509e+02
-1.342317300965358413e+02
4.413012944323945703e+02
4.927406725506252769e+02
-1.040687303068880283e+02
-1.271359828767358664e+02
-1.350900958007285908e+02
-9.117979061150268194e+01
-1.101426269081818532e+02
-5.865305709036515509e+02
-1.755330388816211098e+02
-1.631709032044767866e+02
-2.124546058185143238e+02
4.345622164394761171e+02
-1.650987555386896588e+02
-2.547894868495002925e+02
-1.034166349080737746e+02
4.094768207895647265e+02
-6.677903881881367170e+02
-2.116142416012892795e+02
-4.535700151615116056e+02
-2.182525245807283909e+02
-2.003833609557233046e+02
-1.393258994547058478e+02
-1.439666361695733769e+02
-1.944849530385357355e+02
-6.388325948789697577e+02
-1.371703223406375400e+02
-1.416723224002271309e+02
-1.827756082863902236e+02
-1.065722457886833929e+01
-7.209190113849088810e+00
-5.454313462469714935e+00
-1.100000000000000000e+01
-1.100000000000000000e+01
-1.100000000000000000e+01
-1.100000000000000000e+01
-1.100000000000000000e+01
-1.252790846301631333e+01
-2.700000000000000000e+01
-1.100000000000000000e+01
-1.441350581288722879e+02
4.880343574469805503e+02
-2.241102152212196756e+02
-9.781732501352702513e+01
-2.170410205824901766e+02
4.507970899180371589e+02
-7.584893412373865829e+01
-2.144922656676508836e+02
-1.100000000000000000e+02
4.733443160858633405e+02
-1.755057866638426276e+02
-1.259455577205713013e+02
-1.437460900316377206e+02
-1.355481144868221293e+02
-1.286053750782484144e+02
-1.053407864574187016e+02
-1.087822624776036946e+02
0.000000000000000000e+00
-2.067930316683242609e+02
-1.092553880416257499e+02
-1.026469235361299070e+03
-1.533019546358241882e+02
-1.867923577182691020e+02
-1.433420374212234378e+02
-1.898440950227273447e+02
-9.573912173751378418e+01
-1.391788039584990884e+02
-8.617127973706786292e+01
-2.770846012595526417e+02
-1.378202678987865966e+02
-3.339740645644803863e+02
-2.614886149764678862e+02
-1.400994760008572371e+02
2.944964461962125597e+02
-1.249695660295810455e+02
-1.813990988270525406e+02
-2.736775600900190284e+02
-1.806401344177410806e+02
-6.585746351719460279e+01
-6.659404940757993074e+01
-1.079548648552823380e+02
-8.143693015423309589e+01
-1.034960115911626417e+02
-1.519005630910923514e+02
0.000000000000000000e+00
-9.436710048994171984e+01
-8.101814953781033068e+01
4.075505031080120375e+02
-7.576757117228544303e+01
4.878527523410777462e+02
-1.178244929577388973e+02
-1.073256668445068840e+02
-5.856950116666215536e+02
-1.794542995763812598e+02
-1.223690053933772219e+02
-1.050000000000000000e+02
-1.294872261442679644e+02
-1.827506828193664319e+02
-1.100000000000000000e+02
-8.260505530675121832e+00
-8.490127556606505976e+00
-1.100000000000000000e+01
-1.100000000000000000e+01
-1.100000000000000000e+01
4.895997777202418320e+02
-6.463913838636120346e+00
-1.167604900341609309e+01
-1.100000000000000000e+01
4.940000000000000000e+02
-6.659574161857747754e+01
-3.903975444513442028e+01
-9.271925427074574344e+00
-7.077633046013487217e+01
-1.961966821611803979e+01
-1.100000000000000000e+01
-1.100000000000000000e+01
-1.100000000000000000e+01
-1.100000000000000000e+01
-4.454475954309815222e+01
-3.300000000000000000e+01
-1.100000000000000000e+01
-8.587194393342284116e+01
-1.157439959111645749e+02
-9.959010578096362565e+01
-5.332538380115148868e+01
0.000000000000000000e+00
0.000000000000000000e+00
-1.100000000000000000e+01
-1.100000000000000000e+01
-1.109430608540600218e+02
-1.195971185263933307e+02
-5.066589309259870610e+00
-1.202905952987312048e+02
-1.000000000000000000e+02
-8.500000000000000000e+01
-5.952134130583518754e+02
-1.014671332199392850e+01
-1.100000000000000000e+01
-1.021387274772296827e+01
-1.044109838179548433e+02
-1.891218340945243028e+02
-4.576692382785449240e+02
-2.199604353832329252e+03
-6.144684827905120983e+02
-2.242705557658797261e+03
0.000000000000000000e+00
-1.100000000000000000e+02
-9.874529165256135457e+02
-1.318803999826938707e+03
-2.886868022706310057e+03
5.467482622699566264e+01
4.684369718882105076e+02
-2.215339631342871144e+03
-7.113437418173668902e+01
-8.641979262902823393e+02
-2.254269923465849388e+03
-3.992037771953327137e+03
-6.648502737197354691e+02
-5.274461158553197038e+02
-1.050000000000000000e+02
-1.333706878632695862e+03
-3.470707986351467298e+02
-9.099856361047420705e+02
-1.033204878992326172e+02
-9.181401208372911071e+00
-2.793561815704536457e+03
-4.557589138861859510e+02
-1.631281718908974199e+02
-1.099615469698515291e+01
-1.013263198418343514e+01
-5.418673143384296509e+02
-6.309276892083652832e+00
-1.194301325632383559e+01
-8.581599060694184544e+00
-3.211647720683284035e+01
-4.211763218204990267e+01
-1.001371835302210123e+01
-4.120204079005043241e+01
-6.288587085764378770e+01
-6.379324692041814160e+01
4.650000000000000000e+02
-4.665916147069906970e+02
-8.500000000000000000e+01
3.939501127144152406e+02
-8.652011586610042286e+02
-7.932039537661380564e+02
-6.576680080287677583e+02
-1.525971642658435712e+03
-1.246704778015471220e+03
-2.474859078105573928e+02
-2.745800145701506153e+03
-4.647993821323321981e+02
5.766237729281402835e+01
3.167125667774247972e+02
0.000000000000000000e+00
4.592643734371023356e+02
-7.713410947264395645e+02
-1.469930923752157923e+03
-1.050000000000000000e+02
0.000000000000000000e+00
0.000000000000000000e+00
-5.414024285081596872e+02
-4.673714604171998985e+02
-1.010000000000000000e+02
-3.228614888907519287e+01
-1.100000000000000000e+01
-9.415666960404699921e+02
-2.748116731261608265e+02
-4.356126809875563595e+02
-1.180163912620807878e+03
-1.050000000000000000e+02
-6.129219012575558736e+02
-1.846848971898230957e+03
-3.249055685253842967e+02
-7.042153207440032929e+02
-2.295411733451724672e+02
4.574806044492561909e+02
-3.913802598166907046e+03
-5.302728255806887319e+02
-5.892597694932070453e+02
4.434629292126242035e+02
-2.680883698136652811e+02
4.563537796721770405e+02
-7.395270628875052807e+02
-1.408567868527841483e+03
-1.708897106646932684e+02
-2.005246195288647868e+03
-8.000000000000000000e+01
-4.121069955299001322e+02
-5.070291649823913644e+02
4.700890523874460314e+02
-1.634746994368537401e+02
-3.127716649806009173e+02
4.720112628399414234e+02
-1.060656534233222317e+02
-7.308915072100378438e+02
-1.217120113097365902e+03
-2.642641161764311732e+02
4.009956869363393821e+02
-1.368201353521377769e+03
-1.822622982973328362e+03
-2.531109459948750555e+03
-1.522959571499766867e+02
-3.037636960793646494e+02
4.413958114907549088e+02
-3.280399239151764505e+03
-9.899767526876964041e+01
-1.168797263475513688e+02
4.936690674682915869e+02
-1.815836982901574288e+02
4.688445730741808006e+02
-3.374448256618667870e+02
-1.100000000000000000e+02
-1.560099867017148881e+03
4.741207440543473126e+02
-1.224844010459475783e+02
-6.698620744555917099e+02
-1.576377225248197078e+02
-8.247903388956567596e+02
-1.511217843777486905e+03
-4.467561453500042262e+03
-3.706863339971533605e+03
-1.061637445648043013e+03
-1.637307182303101172e+03
-1.100000000000000000e+01
-1.064944679814452222e+01
-1.100000000000000000e+01
-1.731115784669816833e+02
0.000000000000000000e+00
-1.871336089714503359e+01
-7.762467740728517356e+02
-7.386462325997548533e+02
-6.414141862331733819e+02
-1.690010006971707753e+03
4.524795363975210307e+02
4.711600873823883262e+02
4.784678190563727185e+02
4.457133071135264117e+02
-2.428852473174136321e+03
-2.504127169103438519e+03
-3.261460580514441290e+02
-1.100000000000000000e+02
4.683582264937499531e+02
-2.619457721174305334e+03
0.000000000000000000e+00
-9.363594310007105150e+02
-1.507159990407128021e+02
4.780693003335707658e+02
-1.396313662044357216e+02
-2.002945721258082358e+03
4.417829683598873771e+02
-2.837245604338111704e+01
-8.818418917807246089e+02
-8.653977867339879140e+02
-9.516760641121932096e+00
-1.539378935261033199e+01
-1.626972898709731297e+01
-1.737058188518022916e+02
-3.135408826032204388e+02
-5.080071186028957527e+03
0.000000000000000000e+00
-3.432610827375192031e+01
-2.098460427603458456e+01
-5.424902175739085841e+00
-1.056339316249075750e+02
-7.190901082935106992e+00
-1.830656676118557513e+01
0.000000000000000000e+00
-2.840570478187987646e+02
-6.370602623797893784e+02
-2.989066415235054592e+03
4.672050522093003337e+02
-8.316673153444396860e+01
-1.564326770094905505e+01
-1.100000000000000000e+01
-1.061703335570631168e+01
4.689672096148912033e+02
-1.504799841387759329e+02
4.711653295523760221e+02
-4.359263885091004198e+01
3.741417420226046033e+02
-1.141133410653854298e+03
4.352858239100438595e+02
3.275903785943741013e+02
4.020755980524716620e+02
-6.946886577270542773e+01
3.068359661593199235e+02
2.854797308522359458e+02
-1.511388047005873887e+03
-2.020902589021405049e+02
-1.496560608035189489e+03
4.988865755268348039e+02
4.702610695870044424e+02
4.458659092853034736e+02
-1.827536713329688496e+02
-9.062575467891161907e+01
-1.164103785648057055e+03
4.264673171005194376e+02
0.000000000000000000e+00
4.271494571591763929e+02
-2.104848597381234470e+02
-1.671373790650262379e+02
4.051264158332342049e+02
-2.098795323014936685e+02
-1.100000000000000000e+02
-1.313058550770511488e+02
0.000000000000000000e+00
-1.100000000000000000e+02
-1.100000000000000000e+02
-3.767044318727384962e+03
-6.199339502270537423e+02
-1.533601477613944439e+02
4.075037560891308885e+02
-1.000000000000000000e+02
-1.359418647172343526e+02
8.507839493584714319e+01
-1.100000000000000000e+02
-3.460817031900915026e+03
4.566338533657237804e+02
-2.052141463628114707e+03
-7.283161092564376986e+02
4.387789602152415682e+02
3.746188105634105909e+02
4.209042812336657562e+02
4.634752071621708751e+02
4.038344959777966778e+02
4.361276122101407395e+02
-8.354703632024663875e+02
-2.855420083556765803e+03
-1.100000000000000000e+02
-2.193534141794741004e+02
4.279186452324962602e+02
-3.327907773704411056e+02
3.472923153250620771e+02
-1.530993927400456300e+02
3.915058898821919797e+02
2.559461058453003091e+02
-1.100000000000000000e+02
4.737160162767561360e+02
-1.853128126599609686e+02
-2.554137618313300777e+02
4.551147983391180105e+02
-1.267681385596532095e+02
-1.074123662557562056e+03
-2.162909753508391532e+03
4.689172353958282429e+02
4.485491261097934057e+02
-1.292320343782847431e+03
3.045952454084630290e+02
-1.100000000000000000e+02
-4.961359017449466364e+02
-1.342548098401617835e+02
-1.100000000000000000e+02
1.772431292622901537e+02
4.572410226332974048e+02
0.000000000000000000e+00
-2.992276595973877988e+02
-1.755494968899284345e+02
-4.304741550358070299e+02
4.476464165992493349e+02
4.963777207899716473e+02
4.738019411209889995e+02
0.000000000000000000e+00
4.422430300320373817e+02
-4.057182836354507458e+02
-1.484843303528321030e+02
-1.100000000000000000e+02
0.000000000000000000e+00
4.370109953063474677e+02
-1.533596949873109168e+02
2.866499198689775767e+02
-1.427155497229900334e+02
-1.160809220963758150e+02
4.404828930340906368e+02
-5.212739242936095252e+02
4.005156707046987208e+02
-1.100000000000000000e+02
-5.185276180949610989e+02
-1.451333346162353699e+01
-2.554274425098221002e+01
4.286209371208008179e+02
4.850000000000000000e+02
3.781879703757965103e+02
-1.567886292545154561e+02
-5.448014546779575085e+01
-1.057970744562441823e+01
-1.100000000000000000e+01
-1.100000000000000000e+01
-1.010000000000000000e+02
-1.036180043653653726e+01
-1.100000000000000000e+01
-1.100000000000000000e+01
-1.293575041801311087e+01
-7.395437236369117429e+00
-5.823540117361627608e+02
-1.423390750186026210e+01
-4.837199667665711189e+00
-1.100000000000000000e+01
-1.009404613459625288e+01
-1.181019389685674525e+01
-1.100000000000000000e+01
-1.010433875763413170e+01
-1.100000000000000000e+01
-1.100000000000000000e+01
-1.634451105669979754e+01
-1.782213847694224285e+01
-1.100000000000000000e+01
-4.888165617877412217e+00
-1.100000000000000000e+01
-1.100000000000000000e+01
4.635967391168926497e+02
-2.552497298080917574e+02
-4.855792509953597857e+01
-3.139133688065093608e+01
-6.002056584198867561e+00
-1.715681403902365432e+01
-1.105151857821630834e+01
-8.930995258069461329e+01
4.970000000000000000e+02
-1.604069620553742936e+01
3.078944872092361038e+02
3.247608962243124893e+02
-2.395615579788359071e+02
4.396933261888925131e+02
-1.157038500940451740e+03
-3.784094781802202760e+02
-3.552396265637877377e+02
-2.430494349423895983e+03
2.356646150158487103e+02
4.800000000000000000e+02
3.644873357498044584e+02
-3.090267675726119023e+02
-9.434083821764349409e+01
8.549985005572466434e+01
-1.116306626561014127e+03
-3.719381635680257432e+02
-3.562112717107441284e+01
-1.100000000000000000e+01
-3.014114661409993445e+01
0.000000000000000000e+00
-1.852453797664634649e+01
-2.922301607283776193e+01
-3.513732100305894619e+02
-6.651741970810231805e+02
-3.020000000000000000e+02
-1.608458402505569040e+01
-1.184105568921045517e+02
-9.100000000000000000e+01
-2.686609330568460337e+02
-1.521345357797216593e+02
-2.449362233471458410e+02
3.699564760831866010e+02
4.138267838960782115e+02
4.668428285532615973e+02
-1.289016181517210953e+03
-2.137439694255248810e+02
-3.323479666180308527e+02
-4.292251238029771798e+02
-5.359515479610511193e+02
-6.114349789532525392e+02
-5.353108063188477672e+02
-7.505143475152189581e+01
-6.885496627000521812e+02
4.565869138241657765e+02
-2.811351586434085448e+02
4.850000000000000000e+02
4.494674961415233838e+01
0.000000000000000000e+00
-2.752408094956962259e+02
-1.781242416121586416e+02
-1.100000000000000000e+01
-1.331600577862075419e+01
-1.100000000000000000e+01
-1.025627659871496000e+01
-1.050000000000000000e+02
-3.929517301500664672e+01
4.371453354616873526e+02
-2.063216946021100995e+01
-1.579642198909828821e+01
-1.773077198219742172e+02
-3.064138186984125056e+01
-3.348005808499494833e+02
-1.083133467073060956e+02
-1.828176759516642491e+01
-5.626797184307815058e+00
-1.100000000000000000e+01
-5.353717086147791804e+01
-1.100000000000000000e+01
-2.050847047359852127e+02
-1.050000000000000000e+02
-6.050000000000000000e+02
-2.046398958281833131e+02
4.717730242441360815e+02
-9.842351375882209368e+02
3.990838540704057209e+02
4.153995490789485530e+02
4.590323351578405209e+02
-2.217860096231515286e+02
4.980821268734295018e+02
-2.273419463973255006e+02
-6.061347926000476036e+02
-2.265984363040606695e+02
-1.100000000000000000e+02
-6.140436207395530346e+02
4.675342487703191523e+02
1.775513155150767375e+02
-8.500000000000000000e+01
-1.971851511823547582e+02
4.329948353713180040e+02
4.736471971189014312e+02
4.698359428724385793e+02
-4.581329060690785582e+02
-2.085040933806540124e+02
-1.614725678119582426e+02
-1.110455142075625645e+03
-1.272253580124122578e+02
-9.066545904254617483e+01
-1.124651005581125105e+02
-1.531622064026251167e+02
-1.017858019674203263e+02
-2.332786835606748923e+02
-9.500000000000000000e+01
4.273140615025744182e+02
-2.260840566445617696e+02
4.344783147568510344e+02
-8.217393173427346937e+02
-2.318331797895627346e+02
-1.155563701001917138e+02
-5.150000000000000000e+02
-2.385685914961953131e+03
-1.178183763890144178e+02
-1.163435986193974117e+02
2.417555388882942111e+02
-1.642220762274644130e+02
4.964961956719555474e+02
-1.258015010542005712e+03
-1.247466055121507509e+02
-1.100000000000000000e+02
1.561540729373868999e+02
-3.580268167330929145e+02
-3.587583987462935056e+03
-3.640826331439899377e+02
-8.307513964034505705e+00
-8.184868428109169258e+01
-2.683742239730071333e+02
-9.189639357890213134e+00
-1.010000000000000000e+02
-8.905667814280743499e+00
-1.100000000000000000e+01
-1.230692071417430782e+02
-1.275777823220431344e+02
-1.620359115670977133e+02
4.954591168163710222e+02
-9.295500557463695301e+00
-9.245839398898237249e+00
-1.292158005698094030e+02
