-14.2
-15.26
-82.11
-11.79
-12.91
-16.68
-7.26
-37.51
-8.23
-16.19
-35.29
-123.67
-11
-24.05
-63.3
-115.63
-34.7
-25.7
-21.65
-12.16
-19.13
-15.14
-10.64
-24.84
-9.67
-3.01
-441.75
-27.67
-14.18
-13.13
-11.12
-10.62
-8
-11
-11
-22.17
-19.57
-124.86
-14.53
-35.93
-27.23
-2.22
-11
-16.98
-11
-11
-11
-11
-11
-11
-11
-11
-3.01
-3.09
-11
-11
-11
-11
-4.08
-2.51
-3.01
-26.31
-56.77
-68.61
-2058.86
-32.55
-91.18
-49.8
-13.61
-42.16
-17.84
-18.72
-59.35
-17.3
-8.57
-8.08
-10.81
-15.95
-41.06
-383.59
-232.59
-14.5
-20.48
-1831.92
-10.79
-8.82
-11.78
-10.2
-11.12
-60.87
-52.34
-77.26
-11.58
-10.81
-55.23
-13.09
-9.28
-10.75
-10.99
-83.58
-17.4
-15.33
-12.03
-116.83
-30.29
-17.73
-76.38
-159.37
-121.07
-25.24
-104.84
-19.99
-136.69
-16.74
-17.04
-13.44
-43.26
-591.27
-91.42
-66.93
-37.86
-8
-18.78
-163.45
-115.13
-44.31
-8.43
-10.78
-8.89
-12.36
-10.4
-11.08
-57.21
-15.1
-11.61
-20.45
-60.87
-20.06
-185.91
-13.89
-10.42
-11.01
-3.86
-6.26
-9.45
-3.35
-1.86
-6.23
-3.38
-131.49
-61.86
-30.29
-343.06
-7.69
-8.03
-23.81
-29.6
-186.1
-91.56
-70.65
-19.62
-1346.03
-240.62
-125.73
-12.36
-318.64
-194.42
-33.72
-337.14
-258.86
-43.78
-205.41
-80.09
-33.19
-29.9
-19.9
-395.23
-114.32
-1.91
-2.05
-1.7
-16.1
-19.48
-36.1
-5.84
-13.01
-1.54
-13.95
-128.77
-49.1
-28.97
-4.53
-7.46
-8.68
-12.99
-1.5
-11.81
-33.85
-35.89
-34.43
-141.33
-180.72
-16.65
-28.22
-22.84
-23.82
-13.6
-13.1
-13.2
-13.11
-31.79
-54.39
-226.94
-178.44
-0.78
-105.15
-32.22
-160.52
-27.57
-13.47
-15.87
-20.15
-22.28
-81.44
-24.04
-31.72
-36.28
-18.9
-16.63
-53.95
-307.57
-42.63
-106.29
-196.71
-12.5
-15.18
-9.71
-14.26
-13.3
-18.09
-153.68
-467.05
-42.81
-393.49
-21.52
-13.29
-25.8
-102.86
-383.91
-20.35
-25.2
-1.55
-58
-17.28
-37.28
-27.93
-35.26
-176.7
-142.04
-17.87
-66.32
-48.6
-33.92
-18.61
-20.13
-18.65
-655.44
-178.84
-72.96
-140.51
-24.53
-20.74
-22.8
-22.17
-25.55
-24.61
-25.53
-14.4
-11
-10
-11
-11
-10
-11
-11
-11
-11
-173.98
-23.48
-670.07
-15.34
-13.38
-8.2
-15.16
-39.05
-1.25
-2.27
-4.26
-1.18
-1.24
-1.22
-3.22
-4.1
-6.08
-9
-8
-7
-7.07
-10.11
-19.3
-10
-10
-7.05
-18.2
-6.03
-6.01
-8.15
-7.11
-4.04
-9
-9
-8.24
-7.03
-17.83
-49.53
-9.01
-14.4
-15.43
-859.19
-39.01
-1.91
-1.33
-1.28
-2.95
-174.66
-987.98
-60.43
-107.05
-32.91
-158.3
-13.79
-13.34
-15.03
-75.06
-671.61
-21.38
-1.38
-16.72
-8
-742.9
-139.04
-86.87
43.3
38.38
44.47
43.14
43.4
-25.03
-92.27
-26.68
-18.27
-11.78
-31.45
-16.26
-242.4
41.4
0.86
40.56
-65.86
44.81
42.57
-80.1
-7.9
-8.46
-20.43
-11.62
4.46
-11.24
-18.33
-22.08
-31.58
-23.68
-28.51
-222.45
-2.83
-1.78
-17.89
-84.99
-13.7
-17.53
-9.15
-7.15
-3.63
-16.02
-11.95
-1.05
-1.06
-71.29
-54.21
-13.71
-16.03
-7.8
-48.59
14.81
-117.63
-34.55
-5.01
-10
-546.04
-161.77
-31.13
-136.73
-31.6
-7.3
-1.06
-1.03
-9
-2.01
-2.01
-3.01
-10
-124.54
-18.52
-24.35
-25.78
-600.75
-28.87
-76.83
-180.05
-167.03
-8.93
-12.5
-26.66
38.88
42.32
-48.9
-9.39
-13
-12.06
-9
-10
-10
-10
-7
-18.11
-13.82
-9.64
-9.2
-4.47
-78.03
-16.5
42.99
41.17
43.67
-46.53
31.4
36.62
21.8
-24.57
-36.79
-40.4
-14.34
-13.97
-14.62
28.87
43.44
45.14
11.08
4.66
11.92
-353.96
-308.25
42.3
-334.14
-7.81
-9.66
-8.43
-10.78
-61.11
-9.25
22.5
33.09
-154.17
-31.76
-143.63
-20.55
-8.43
-7.18
-11.75
-12.78
1.67
-18.65
-82.25
-15.6
14.44
-16.99
27.03
