-1.472100000000000009e+01
-1.676599999999999824e+01
-2.196333333333333115e+01
-1.112999999999999901e+01
-4.215550000000000352e+01
-3.056666666666666643e+01
-3.319766666666666310e+01
-2.533650000000000091e+01
-2.331533333333333502e+01
-2.485766666666666680e+01
-2.843116666666666603e+01
-1.896300000000000097e+01
-1.249576666666666682e+02
-1.586850000000000094e+01
-5.246300000000000097e+01
-2.283599999999999852e+01
-1.727550000000000097e+01
-1.762999999999999901e+01
-4.262583333333333258e+01
-6.329349999999999454e+01
-3.629528333333333876e+02
-1.762349999999999994e+01
-2.814533333333333331e+01
-1.571300000000000097e+01
-1.425999999999999979e+01
-3.846416666666666373e+01
-3.793833333333333613e+00
-2.375999999999999446e+00
-2.086350000000000193e+01
-4.610666666666666913e+01
-2.836016666666666453e+01
-2.577550000000000097e+01
-2.369766666666666666e+01
-3.430850000000000222e+01
-4.075999999999999801e+01
-6.068599999999999994e+01
-6.991749999999998977e+01
-8.393783333333331598e+01
-8.810533333333333417e+01
-3.921841666666666697e+02
-9.097499999999999432e+01
-2.886033333333333672e+01
-2.975706500000000233e+03
-4.109983333333334343e+01
-5.231166666666666032e+01
-1.270950000000000024e+01
-1.143100000000000094e+01
-1.371683333333333366e+01
-1.115200000000000102e+01
-1.786083333333333556e+01
-1.871466666666666612e+01
-1.772916666666666430e+01
-9.210000000000000853e+00
-2.886766666666666126e+01
-1.641416666666666657e+01
-1.415050000000000097e+01
-1.418116666666666603e+01
-2.228816666666666535e+01
-1.933516666666666595e+01
-9.710000000000000853e+00
-1.006033333333333246e+01
-1.814766666666666595e+01
-9.695999999999999730e+00
-1.350166666666666693e+01
-1.366549999999999976e+01
-2.279450000000000287e+01
-1.175666666666666771e+01
-2.365766666666666751e+01
-2.227550000000000097e+01
-1.159266666666666623e+01
-1.217016666666666680e+01
-8.427500000000000213e+00
-9.670166666666666799e+00
-7.480999999999999872e+00
-9.170166666666666799e+00
-1.052999999999999936e+01
-3.015516666666666623e+01
-2.018416666666666615e+01
-2.661949999999999505e+01
-1.780933333333333479e+01
-2.205733333333333235e+01
-9.073499999999999233e+00
-9.230166666666665520e+00
-1.012166666666666615e+01
-1.287316666666666620e+01
-2.881366666666666632e+01
-1.389266666666666694e+01
-1.721249999999999858e+01
-5.271416666666667084e+01
-2.365766666666666751e+01
-3.320683333333333564e+01
-5.225766666666666538e+01
-2.829966666666666697e+01
-1.220749999999999957e+01
-3.274516666666666254e+01
-4.468916666666666515e+01
-3.816850000000000165e+01
-3.403600000000000136e+01
-9.792566666666667174e+01
-2.643050000000000210e+01
-6.871600000000000819e+01
-9.311750000000000682e+01
-2.019936666666667122e+02
-1.088000000000000078e+00
-1.891216666666666768e+01
-2.198916666666666586e+01
-1.428249999999999886e+01
-5.223383333333333667e+01
-1.487666666666666693e+00
-8.015333333333334309e+00
-3.013333333333333197e+00
-1.100000000000000000e+01
-3.007499999999999840e+00
-9.002499999999999503e+00
-9.009000000000002117e+00
-2.374883333333333013e+01
-1.081516666666666708e+02
-7.749600000000000932e+01
-3.204050000000000153e+01
3.320300000000000296e+02
-5.830499999999999972e+01
-8.121516666666667561e+01
-7.958266666666666822e+01
-2.433350000000000080e+01
-1.845601666666666461e+02
-3.158016666666666694e+01
-2.609916666666666885e+01
-3.747350000000000136e+01
-1.582416666666666671e+01
-6.844299999999999784e+01
-2.404866666666666575e+01
-8.858333333333334281e+01
-9.449416666666664355e+01
-3.618608333333333462e+02
-1.014399999999999835e+01
-1.413183333333333280e+01
-8.687999999999998835e+00
-1.569050000000000011e+01
-6.758333333333332860e+00
-1.023233333333333306e+01
-1.415466666666666740e+01
-1.468999999999999950e+01
-9.275500000000000966e+00
-1.224766666666666559e+01
-2.172966666666666669e+01
-1.576500000000000057e+01
-1.627583333333333115e+01
-2.219599999999999795e+01
4.927040000000000077e+02
-9.647516666666666652e+01
-2.072966666666666669e+01
-8.342016666666665969e+01
-2.868033333333333346e+01
-1.862965000000000089e+02
-1.631516666666666637e+01
-1.328516666666666701e+01
-2.871249999999999858e+01
-2.264349999999999952e+01
-4.115766666666667106e+01
-3.275649999999999409e+02
-1.812299999999999756e+01
-2.806716666666666526e+01
-3.375366666666666049e+01
-2.776583333333333670e+01
-1.219599999999999973e+01
-1.100000000000000000e+01
-1.100000000000000000e+01
-1.100000000000000000e+01
-1.100000000000000000e+01
-1.100000000000000000e+01
-1.100000000000000000e+01
-1.100000000000000000e+01
-1.100000000000000000e+01
-1.100000000000000000e+01
-1.100000000000000000e+01
-1.100000000000000000e+01
-1.100000000000000000e+01
-1.100000000000000000e+01
-1.100000000000000000e+01
-1.100000000000000000e+01
-1.100000000000000000e+01
-1.100000000000000000e+01
-1.100000000000000000e+01
-1.100000000000000000e+01
-1.100000000000000000e+01
-1.000016666666666687e+01
-1.000016666666666687e+01
-1.100000000000000000e+01
-1.000016666666666687e+01
-1.100000000000000000e+01
-1.000016666666666687e+01
-1.000016666666666687e+01
-1.000016666666666687e+01
-1.000016666666666687e+01
-1.000016666666666687e+01
-1.100000000000000000e+01
-1.100000000000000000e+01
-1.100000000000000000e+01
-1.100000000000000000e+01
-1.100000000000000000e+01
-1.000016666666666687e+01
-1.000016666666666687e+01
-1.100000000000000000e+01
-1.100000000000000000e+01
-1.000016666666666687e+01
-9.001500000000000057e+00
-1.000016666666666687e+01
-1.057583333333333364e+01
-7.017999999999999794e+00
-6.021166666666666778e+00
-1.000016666666666687e+01
-1.000016666666666687e+01
-1.000016666666666687e+01
-1.000016666666666687e+01
-6.003166666666666096e+00
-1.000016666666666687e+01
-1.000016666666666687e+01
-1.000016666666666687e+01
-1.000016666666666687e+01
-2.165616666666666745e+01
-3.144450000000000145e+01
-1.623750000000000071e+01
-2.716150000000000020e+01
-8.052666666666667084e+00
-7.985166666666666302e+00
-8.608000000000000540e+00
-7.552666666666666195e+00
-2.129883333333333439e+01
-1.465049999999999919e+01
-8.227666666666666018e+00
-7.508650000000000091e+01
-7.267100000000000648e+01
-1.734233333333333249e+01
-8.630833333333333357e+00
-1.168916666666666693e+01
-2.588133333333333042e+01
-4.038133333333333042e+01
-4.412383333333333724e+01
-1.178849999999999909e+01
-2.736466666666666470e+01
-1.754166666666666430e+01
-1.810200000000000031e+01
-3.356183333333333962e+01
-3.669716666666667493e+01
-1.200750000000000028e+01
-3.989933333333333110e+01
-1.141933333333333422e+01
-1.323016666666666552e+01
-1.342464999999999975e+02
0.000000000000000000e+00
-5.383033333333333559e+01
-2.860166666666666657e+01
-1.122966666666666669e+01
-4.757433333333332826e+01
-3.706483333333333974e+01
-5.565350000000000108e+01
-7.709999999999999964e+00
-2.061983333333333235e+01
-2.345933333333332982e+01
-5.181966666666667010e+01
-3.236599999999999966e+01
-7.486199999999999477e+01
-6.746333333333332405e+01
-2.151476666666666517e+02
-4.474383333333333468e+01
-8.854666666666666686e+00
-2.820833333333333215e+01
-1.059849999999999959e+01
-2.579499999999999815e+01
-1.283350000000000080e+01
-1.025499999999999901e+01
-2.008099999999999952e+01
-2.026716666666666811e+01
-1.969066666666666521e+01
-2.837599999999999767e+01
-1.264499999999999957e+01
-1.431250000000000000e+01
-1.981016666666666737e+01
-2.835500000000000043e+01
-2.121766666666666623e+01
-5.184700000000000131e+01
-2.769783333333333175e+01
-4.481716666666666526e+01
-2.146416666666666373e+01
-1.056666666666666643e+01
-1.050849999999999973e+01
-2.107549999999999812e+01
-4.640416666666666856e+01
-1.683613333333333344e+02
-6.487266666666667447e+01
-5.328383333333334093e+01
-5.519233333333333746e+01
-1.292573333333333494e+02
-2.562516666666666509e+01
-1.169599999999999973e+01
4.510291666666666970e+02
-1.129499999999999993e+01
-1.168799999999999883e+01
-1.317249999999999943e+01
-1.393799999999999883e+01
-9.436816666666666720e+01
-4.834266666666666623e+01
-1.462349999999999994e+01
-1.111766666666666659e+01
-1.212383333333333368e+01
-1.120416666666666572e+01
-2.982583333333333542e+01
-1.117249999999999943e+01
-1.115766666666666751e+01
-1.118016666666666659e+01
-1.628516666666666879e+01
-1.020416666666666572e+01
-1.028516666666666701e+01
-1.824433333333333351e+01
-1.569249999999999901e+01
-5.027550000000000097e+01
-1.576600000000000001e+01
-1.422966666666666669e+01
-8.609166666666666856e+00
-1.069599999999999973e+01
-1.219599999999999973e+01
-5.930250000000000199e+01
-4.743883333333333496e+01
-1.163666666666666671e+01
-6.072633333333334349e+01
-1.112416666666666742e+01
-4.191883333333333184e+01
-1.261716666666666598e+01
-1.364349999999999952e+01
-1.215766666666666751e+01
-1.272966666666666669e+01
-1.271250000000000036e+01
-1.672966666666666669e+01
-9.831083333333333485e+01
-4.207750000000000057e+01
-3.461716666666666242e+01
-2.317249999999999943e+01
-2.823883333333333212e+01
-5.997133333333334093e+01
-6.684999999999999609e+00
-4.484999999999999432e+00
-1.176600000000000001e+01
-9.725383333333331848e+01
-1.967266666666666453e+01
-1.965050000000000097e+01
-1.143499999999999961e+00
-9.623499999999999943e+00
-2.515766666666666751e+01
-1.076600000000000001e+01
-1.117249999999999943e+01
-1.273850000000000016e+01
-4.088459999999999468e+02
-1.287644999999999982e+02
-3.068799999999999883e+01
-9.204183333333334360e+01
-8.234683333333333621e+01
-7.041866666666666674e+01
-5.745166666666666089e+00
-1.022210000000000036e+02
-1.865004999999999882e+02
-5.022966666666666669e+01
-3.117851666666666688e+02
-2.210643333333333374e+02
-4.527100000000000080e+01
-6.184400000000000830e+01
-1.291854999999999905e+02
-1.850131666666666490e+02
-6.269176666666664914e+02
-1.727749999999999986e+01
-2.426783333333333559e+01
-2.583148333333333539e+02
-1.588733333333333420e+01
-3.056566666666666521e+01
-4.555383333333332985e+01
-1.617216666666666569e+01
-1.589766666666666595e+01
-1.473625000000000114e+02
-4.393883333333333496e+01
-4.502725000000000364e+02
-3.411716666666666242e+01
-4.818800000000000239e+01
-4.658800000000000097e+01
-6.125146666666666988e+02
-1.902946666666666431e+02
-2.232499999999999929e+01
-9.082550000000000523e+01
4.716316666666666606e+02
-5.153150000000000119e+01
-1.027125000000000057e+02
-9.417166666666666686e+00
-3.814358333333332780e+02
-1.216999999999999886e+02
-2.964055000000000746e+02
-5.821249999999999858e+01
-4.917283333333332962e+01
-6.477566666666666606e+01
-8.910500000000000398e+01
-3.476299999999999955e+02
-9.229216666666667379e+01
-1.557126666666666779e+02
-3.830484999999999900e+02
-3.958266666666666822e+01
-1.256366666666666703e+02
-2.093500000000000227e+02
-1.105783333333333474e+01
-4.780533333333333701e+01
-6.343816666666666748e+01
3.296196666666667170e+02
-1.057728333333333524e+02
-9.000050000000000239e+01
-7.419599999999999795e+01
-8.322560000000000855e+02
-6.493816666666666038e+01
-6.918499999999998984e+00
-7.590433333333332655e+01
-1.519616666666666660e+01
-1.704166666666666607e+00
-2.679500000000000171e+01
4.916390000000000100e+02
-5.762999999999999545e+01
-5.083599999999999852e+01
-9.464400000000000546e+01
4.930369999999999777e+02
-1.369910166666666555e+03
-6.556766666666666765e+01
-4.666499999999999915e+01
-1.129999999999999893e+00
-5.010333333333332639e+00
-6.007166666666666544e+00
-4.004666666666667041e+00
-2.012666666666666604e+00
-3.104166666666666519e+00
-1.104999999999999982e+00
-7.328516666666666879e+01
-4.371249999999999858e+01
-2.672499999999999876e+00
-1.077499999999999902e+00
-1.128155000000000001e+02
-9.659916666666666174e+01
-8.014350000000000307e+01
-6.115050000000000097e+01
-4.221000000000000085e+00
-1.229666666666666686e+00
-1.104999999999999982e+00
-1.082666666666666666e+00
-1.104999999999999982e+00
-4.027550000000000097e+01
-5.418800000000000239e+01
-2.845774999999999864e+02
-2.254991666666666958e+02
-1.615949999999986630e+01
-8.627616666666666845e+01
-5.368016666666666481e+01
-9.245433333333333792e+01
-1.204166666666666607e+00
-1.088000000000000078e+00
-1.104999999999999982e+00
-1.062999999999999945e+00
-5.397183333333333621e+01
-6.987516666666667220e+01
-4.459533333333332905e+01
-1.221000000000000085e+00
-1.038499999999999979e+00
-1.028499999999999970e+00
-1.009166666666666767e+00
-1.072500000000000009e+00
-1.093499999999999917e+00
-1.129999999999999893e+00
-1.104999999999999982e+00
-1.247500000000000053e+00
-5.375666666666666771e+01
-3.567249999999999943e+01
-3.662999999999999545e+01
-3.416499999999999915e+01
-3.658800000000000097e+01
-2.016499999999999915e+01
-1.558266666666666644e+01
-1.658800000000000097e+01
-4.837341666666665105e+02
-8.589150000000000773e+01
-5.283333333333333215e+00
-2.034833333333333272e+00
-5.004500000000000171e+00
4.923025000000000091e+02
-3.812833333333332853e+00
-1.466516666666666602e+01
-2.879666666666666153e+00
-1.717233333333333434e+01
-1.374516666666666609e+01
-6.373016666666666197e+01
-2.161716666666666598e+01
-3.122100000000000009e+01
-2.065050000000000097e+01
-4.412999999999999545e+01
-6.339589999999998327e+02
-9.289171666666666169e+02
-9.476599999999999113e+01
-9.152283333333332394e+01
-3.166563333333334072e+02
0.000000000000000000e+00
