-1.890889412153410944e+02
-2.682142309938280391e+02
-1.278484677027608853e+02
-1.195304575246922525e+02
-1.232463628153653019e+02
-1.780450309028829565e+02
-1.532152105122343642e+02
-2.382967557687141777e+02
-1.319516509463803118e+02
-3.932536753378228696e+02
-1.626318768424471273e+02
-1.488622101625006735e+02
-1.641070917122872572e+02
-2.014206872405207776e+02
-5.904507823895619367e+02
-3.091016065728289846e+02
-1.438388519299020913e+02
-1.183848304121555941e+02
-1.146845000092721136e+02
-1.788575774742683393e+02
-1.398054808023706812e+02
-3.629897468349440715e+02
-9.368994600141516571e+01
-1.113871361988124988e+02
-9.899545197391873330e+01
-9.225428719621052664e+01
-9.671250249260289422e+01
-8.682751658205864942e+01
-9.897205730453897843e+00
-1.054685358873714875e+02
-1.054685358759962526e+02
-1.286503608647724377e+02
-2.245525981920081620e+02
-7.305953750267406122e+01
-6.690518507627800204e+01
-6.690762952452557499e+01
-6.863585429334395371e+01
-6.690691925487634251e+01
-6.517873038319591217e+01
-2.478203972570209714e+02
-1.877835339079402388e+02
-5.188868900861556313e+02
-3.238592417197352802e+01
-6.294424591411213896e+02
-2.116033041531261105e+01
-1.025930124449145708e+01
-1.025899208039239063e+01
-1.254593620483500160e+01
-1.419172718207140704e+01
-1.167684607460866708e+01
-1.796697529872967536e+01
-5.398701751513025556e+03
-9.671381203868555758e+02
-1.144312722587826130e+02
-4.718456893520337303e+02
-5.212526440404542427e+02
-1.704066054072543750e+02
-2.682902898317290123e+02
-9.902832884330729257e+01
-1.527745105290311130e+03
-1.100835326946794339e+03
-3.994643666456283881e+02
-1.141255053637060200e+03
-3.686769114487919978e+02
-3.366434120280727029e+02
-4.059266837138384290e+02
-4.791788408063887346e+02
-2.074791111534073025e+02
-5.983700951905453849e+02
-2.511756098399477537e+02
-3.046348024452593108e+02
-5.242407896861479912e+02
-7.454227256976182616e+02
3.030251508082409373e+02
-3.512396855347259361e+02
-2.857490172466057174e+02
-1.672420595554942793e+02
-3.703518969949537336e+02
-3.047520966067221480e+02
-3.711730809614144164e+03
-3.145034565304906664e+02
-2.290686091210008044e+02
-2.042987517923313590e+02
-2.261088896568961104e+02
-2.247542763888005481e+02
-1.774126577696741833e+02
-1.726848580506479323e+02
-3.540240127503064969e+02
-1.183282687275342823e+03
-7.699174413231557992e+02
-3.163451225732575267e+02
-1.429456675628294988e+03
-1.459532615118035892e+02
-2.540730620681539733e+02
-2.457598195674047474e+03
-4.994467510183803824e+02
-7.611211508764459666e+01
-8.548924792229804837e+01
-1.737096454155796152e+02
-2.798191006817052084e+02
